-1 -1 45 -1 -8 45
-1 -1 45 -8 -1 45
-8 -8 45 -1 -8 45
-8 -8 45 -8 -1 45
-1 -1 50 -1 -8 50
-1 -1 50 -8 -1 50
-8 -8 50 -1 -8 50
-8 -8 50 -8 -1 50
-1 -1 45 -1 -1 50
-1 -8 45 -1 -8 50
-8 -1 45 -8 -1 50
-8 -8 45 -8 -8 50
1 -1 45 1 -8 45
1 -1 45 8 -1 45
8 -8 45 1 -8 45
8 -8 45 8 -1 45
1 -1 50 1 -8 50
1 -1 50 8 -1 50
8 -8 50 1 -8 50
8 -8 50 8 -1 50
1 -1 45 1 -1 50
1 -8 45 1 -8 50
8 -1 45 8 -1 50
8 -8 45 8 -8 50
-1 -1 30 -1 -8 30
-1 -1 30 -8 -1 30
-8 -8 30 -1 -8 30
-8 -8 30 -8 -1 30
-1 -1 43 -1 -8 43
-1 -1 43 -8 -1 43
-8 -8 43 -1 -8 43
-8 -8 43 -8 -1 43
-1 -1 30 -1 -1 43
-1 -8 30 -1 -8 43
-8 -1 30 -8 -1 43
-8 -8 30 -8 -8 43
1 -1 30 1 -8 30
1 -1 30 8 -1 30
8 -8 30 1 -8 30
8 -8 30 8 -1 30
1 -1 43 1 -8 43
1 -1 43 8 -1 43
8 -8 43 1 -8 43
8 -8 43 8 -1 43
1 -1 30 1 -1 43
1 -8 30 1 -8 43
8 -1 30 8 -1 43
8 -8 30 8 -8 43